[{"GravityX":{"Y":-0.956211864948,"X":-0.0168244000524,"Z":-0.292191326618},"UserAcceleration":{"Y":0.00874789897352,"X":0.0115906344727,"Z":-0.00778122013435},"AttitudeRotationMatrix":[0.99970895052,-0.017290327698,0.0168244000524,-0.0110340490937,0.292467236519,0.956211805344,-0.0214538034052,-0.956119179726,0.292191326618],"AttitudePitch":1.27377288368,"Time":0.007861972,"AttitudeQuaternion":{"X":0.594779458449,"W":0.803798401759,"Y":-0.0119054110215,"Z":-0.00194584827014},"AttitudeRoll":-0.0575165724108,"RotationRate":{"Y":-0.581259012222,"X":0.0647596418858,"Z":-0.231910124421},"AttitudeYaw":0.0377095858387,"DotNum":0},{"GravityX":{"Y":-0.956481099129,"X":-0.0156544912606,"Z":-0.291374027729},"UserAcceleration":{"Y":0.00887979287654,"X":0.00549213821068,"Z":-0.00815600622445},"AttitudeRotationMatrix":[0.999497592449,-0.0275586806238,0.0156544912606,-0.00693752150983,0.291711807251,0.956481039524,-0.030925957486,-0.956109106541,0.291374057531],"AttitudePitch":1.27469413755,"Time":0.01724696,"AttitudeQuaternion":{"X":0.595065502899,"W":0.803520907108,"Y":-0.0144926063595,"Z":-0.00641587570123},"AttitudeRoll":-0.0536748447253,"RotationRate":{"Y":-0.589752912521,"X":0.0611587502062,"Z":-0.238104090095},"AttitudeYaw":0.0237776221039,"DotNum":0},{"GravityX":{"Y":-0.956803143024,"X":-0.0145228914917,"Z":-0.290373563766},"UserAcceleration":{"Y":0.0117347929627,"X":0.0056880521588,"Z":-0.00834773853421},"AttitudeRotationMatrix":[0.999175310135,-0.0379180312157,0.0145228905603,-0.0028742980212,0.290722280741,0.956803202629,-0.0405022203922,-0.956055879593,0.290373533964],"AttitudePitch":1.27579980133,"Time":0.03843796,"AttitudeQuaternion":{"X":0.595415699741,"W":0.803161130524,"Y":-0.0171276692677,"Z":-0.0109080641207},"AttitudeRoll":-0.0499728664244,"RotationRate":{"Y":-0.592047214508,"X":0.0612003020942,"Z":-0.251749098301},"AttitudeYaw":0.00988643225649,"DotNum":0},{"GravityX":{"Y":-0.957039773464,"X":-0.0130191650242,"Z":-0.289664268494},"UserAcceleration":{"Y":0.0133446967229,"X":0.0123020019382,"Z":-0.007607457228},"AttitudeRotationMatrix":[0.998748719692,-0.0482861585915,0.0130191650242,0.00154276937246,0.28995257616,0.957039773464,-0.0499867126346,-0.955822169781,0.289664238691],"AttitudePitch":1.27661473148,"Time":0.049483,"AttitudeQuaternion":{"X":0.59563659699,"W":0.802864490382,"Y":-0.0196190893438,"Z":-0.0155159834531},"AttitudeRoll":-0.0449154774167,"RotationRate":{"Y":-0.581076979637,"X":0.0513472259045,"Z":-0.259438157082},"AttitudeYaw":-0.00532071285647,"DotNum":0},{"GravityX":{"Y":-0.957192003727,"X":-0.0111648412421,"Z":-0.289238423109},"UserAcceleration":{"Y":0.0130238840356,"X":0.014796433039,"Z":-0.0102915987372},"AttitudeRotationMatrix":[0.998228728771,-0.0584357976913,0.0111648403108,0.00623468868434,0.289386689663,0.957191944122,-0.0591652356088,-0.955426931381,0.289238452911],"AttitudePitch":1.27714012749,"Time":0.07464898,"AttitudeQuaternion":{"X":0.595735599799,"W":0.80262909346,"Y":-0.0219061572695,"Z":-0.0201433298499},"AttitudeRoll":-0.0385816661714,"RotationRate":{"Y":-0.568855941296,"X":0.0402768552303,"Z":-0.270889014006},"AttitudeYaw":-0.0215411616022,"DotNum":0},{"GravityX":{"Y":-0.957460939884,"X":-0.00930928066373,"Z":-0.288412719965},"UserAcceleration":{"Y":0.0149713102728,"X":0.0123305208981,"Z":-0.00696691824123},"AttitudeRotationMatrix":[0.997609734535,-0.0684702545404,0.00930928066373,0.0108566675335,0.288358569145,0.957460999489,-0.0682419985533,-0.955071330071,0.288412690163],"AttitudePitch":1.2780707549,"Time":0.09323895,"AttitudeQuaternion":{"X":0.595994627695,"W":0.802243894268,"Y":-0.0241669905672,"Z":-0.0247203243621},"AttitudeRoll":-0.0322664315064,"RotationRate":{"Y":-0.559983611107,"X":0.0608728826046,"Z":-0.279625713825},"AttitudeYaw":-0.0376320987543,"DotNum":0},{"GravityX":{"Y":-0.957754969597,"X":-0.00719572883099,"Z":-0.287495523691},"UserAcceleration":{"Y":0.0190647691488,"X":0.0120632825419,"Z":0.00388039764948},"AttitudeRotationMatrix":[0.996892631054,-0.0784430652857,0.00719572603703,0.0156825110316,0.287157654762,0.957754909992,-0.0771955400705,-0.954665958881,0.287495553493],"AttitudePitch":1.27909139745,"Time":0.103725,"AttitudeQuaternion":{"X":0.596288412564,"W":0.801801996687,"Y":-0.0263130021841,"Z":-0.0293481356823},"AttitudeRoll":-0.0250237886481,"RotationRate":{"Y":-0.556268036366,"X":0.058421138674,"Z":-0.285941451788},"AttitudeYaw":-0.0545587011576,"DotNum":0},{"GravityX":{"Y":-0.958069741726,"X":-0.00509356567636,"Z":-0.286489874125},"UserAcceleration":{"Y":0.022187165916,"X":0.0114412214607,"Z":0.0057434020564},"AttitudeRotationMatrix":[0.996087253094,-0.088228315115,0.00509356334805,0.0204161517322,0.285806834698,0.958069741726,-0.085984647274,-0.954217016697,0.286489844322],"AttitudePitch":1.28018795749,"Time":0.114626,"AttitudeQuaternion":{"X":0.596613468805,"W":0.801308927116,"Y":-0.0284154499964,"Z":-0.0338959343617},"AttitudeRoll":-0.017777344427,"RotationRate":{"Y":-0.537855863571,"X":0.0619198679924,"Z":-0.292369693518},"AttitudeYaw":-0.0713122438561,"DotNum":0},{"GravityX":{"Y":-0.958384335041,"X":-0.00260676792823,"Z":-0.285469144583},"UserAcceleration":{"Y":0.0170543976128,"X":0.015530962497,"Z":-0.000816249870695},"AttitudeRotationMatrix":[0.995187342167,-0.0979559123516,0.00260676816106,0.0254773013294,0.284341990948,0.958384335041,-0.0946206301451,-0.953705489635,0.285469174385],"AttitudePitch":1.28128799537,"Time":0.138832,"AttitudeQuaternion":{"X":0.596945611302,"W":0.800780623836,"Y":-0.0303539434813,"Z":-0.0385352793006},"AttitudeRoll":-0.00913126837035,"RotationRate":{"Y":-0.538901269436,"X":0.0716764479876,"Z":-0.29611581564},"AttitudeYaw":-0.0893623006077,"DotNum":0},{"GravityX":{"Y":-0.958642065525,"X":4.23298079113e-05,"Z":-0.284614413977},"UserAcceleration":{"Y":0.0143519127741,"X":0.0194736607373,"Z":-0.00052656250773},"AttitudeRotationMatrix":[0.994209885597,-0.107455790043,-4.23341989517e-05,0.030623819679,0.282962083817,0.95864212513,-0.102999664843,-0.953092694283,0.284614413977],"AttitudePitch":1.28219212506,"Time":0.147149,"AttitudeQuaternion":{"X":0.597208782976,"W":0.800279076869,"Y":-0.032162947405,"Z":-0.0431348290526},"AttitudeRoll":0.000148726848698,"RotationRate":{"Y":-0.517095386982,"X":0.0556654296815,"Z":-0.295303702354},"AttitudeYaw":-0.107806243712,"DotNum":0},{"GravityX":{"Y":-0.958855390549,"X":0.00255323364399,"Z":-0.283883422613},"UserAcceleration":{"Y":0.0149924866855,"X":0.0199687387794,"Z":-0.00134911912028},"AttitudeRotationMatrix":[0.993187487125,-0.116499580443,-0.00255323573947,0.0355040356517,0.281666100025,0.958855390549,-0.110987097025,-0.952413797379,0.283883422613],"AttitudePitch":1.28294260883,"Time":0.169235,"AttitudeQuaternion":{"X":0.597419022297,"W":0.799802626494,"Y":-0.033893943002,"Z":-0.0475128517254},"AttitudeRoll":0.00899370837961,"RotationRate":{"Y":-0.487891554832,"X":0.056568402797,"Z":-0.284543335438},"AttitudeYaw":-0.125388794321,"DotNum":0},{"GravityX":{"Y":-0.959074556828,"X":0.00511610321701,"Z":-0.283107429743},"UserAcceleration":{"Y":0.0156388860196,"X":0.013682724908,"Z":-0.00035508009023},"AttitudeRotationMatrix":[0.992129266262,-0.125113412738,-0.00511610135436,0.0402897000313,0.280272603035,0.959074497223,-0.11855918169,-0.951732039452,0.283107429743],"AttitudePitch":1.28371556584,"Time":0.17969,"AttitudeQuaternion":{"X":0.597651485889,"W":0.799298022772,"Y":-0.0354820977339,"Z":-0.0517338665521},"AttitudeRoll":0.018069275805,"RotationRate":{"Y":-0.473252207041,"X":0.0709498599172,"Z":-0.264907717705},"AttitudeYaw":-0.142773724132,"DotNum":0},{"GravityX":{"Y":-0.959374606609,"X":0.00745417783037,"Z":-0.282036870718},"UserAcceleration":{"Y":0.0163966994733,"X":0.0168072972447,"Z":0.00156507943757},"AttitudeRotationMatrix":[0.991002440453,-0.13363596797,-0.00745417177677,0.0447797626257,0.278559029102,0.959374666214,-0.126130521297,-0.951076388359,0.282036870718],"AttitudePitch":1.28477714972,"Time":0.201689,"AttitudeQuaternion":{"X":0.597998020573,"W":0.798686167544,"Y":-0.0371473655409,"Z":-0.055846632819},"AttitudeRoll":0.026423646278,"RotationRate":{"Y":-0.481790065765,"X":0.0843467637897,"Z":-0.246255725622},"AttitudeYaw":-0.159391348533,"DotNum":0},{"GravityX":{"Y":-0.959680855274,"X":0.00932903122157,"Z":-0.280937045813},"UserAcceleration":{"Y":0.0170691609383,"X":0.0223482139409,"Z":-0.00217452668585},"AttitudeRotationMatrix":[0.989787518978,-0.142244815826,-0.00932903215289,0.0488275513053,0.276818543673,0.959680914879,-0.133927166462,-0.950335741043,0.28093701601],"AttitudePitch":1.2858646363,"Time":0.21288,"AttitudeQuaternion":{"X":0.598337680991,"W":0.798051246597,"Y":-0.0390319967068,"Z":-0.0598559148674},"AttitudeRoll":0.033194641742,"RotationRate":{"Y":-0.490520119667,"X":0.0783059075475,"Z":-0.231375023723},"AttitudeYaw":-0.174592352108,"DotNum":0},{"GravityX":{"Y":-0.959873616695,"X":0.0117274438962,"Z":-0.280187577009},"UserAcceleration":{"Y":0.0163616705686,"X":0.0277623031288,"Z":-0.00135234778281},"AttitudeRotationMatrix":[0.988484740257,-0.15086530149,-0.0117274448276,0.0534051656723,0.275300711393,0.9598736763,-0.141583055258,-0.949446797371,0.280187547207],"AttitudePitch":1.28655125879,"Time":0.234319,"AttitudeQuaternion":{"X":0.598539150537,"W":0.797491860382,"Y":-0.0407075012499,"Z":-0.0640352812153},"AttitudeRoll":0.0418312726363,"RotationRate":{"Y":-0.488217413425,"X":0.0588519908488,"Z":-0.232928261161},"AttitudeYaw":-0.191608603258,"DotNum":0},{"GravityX":{"Y":-0.959923863411,"X":0.0142123689875,"Z":-0.279900252819},"UserAcceleration":{"Y":0.0139247393236,"X":0.0302059650421,"Z":-0.0042031542398},"AttitudeRotationMatrix":[0.98708486557,-0.159566521645,-0.0142123699188,0.0581410415471,0.274163752794,0.959923863411,-0.149275198579,-0.948352694511,0.279900282621],"AttitudePitch":1.28673050395,"Time":0.245171,"AttitudeQuaternion":{"X":0.598544252927,"W":0.797049064145,"Y":-0.0423633986415,"Z":-0.0682854969136},"AttitudeRoll":0.050732980758,"RotationRate":{"Y":-0.499405682087,"X":0.0346548371017,"Z":-0.231889590621},"AttitudeYaw":-0.208970939245,"DotNum":0},{"GravityX":{"Y":-0.959980487823,"X":0.0159919913858,"Z":-0.279609978199},"UserAcceleration":{"Y":0.018024912104,"X":0.0279990974814,"Z":-0.000129404550535},"AttitudeRotationMatrix":[0.985578119755,-0.168463766575,-0.0159919932485,0.0622506700456,0.273061096668,0.959980428219,-0.157355129719,-0.947131216526,0.279610037804],"AttitudePitch":1.28693250408,"Time":0.269101,"AttitudeQuaternion":{"X":0.598520485811,"W":0.79659417812,"Y":-0.0443648554414,"Z":-0.0724065124879},"AttitudeRoll":0.0571316802929,"RotationRate":{"Y":-0.514082372189,"X":0.0275185164064,"Z":-0.233084440231},"AttitudeYaw":-0.224142782968,"DotNum":0},{"GravityX":{"Y":-0.959961950779,"X":0.0178481731564,"Z":-0.279561191797},"UserAcceleration":{"Y":0.0273905601352,"X":0.0231827106327,"Z":0.00400271173567},"AttitudeRotationMatrix":[0.98391854763,-0.177723661065,-0.0178481712937,0.0665638744831,0.272107094526,0.959962010384,-0.165751338005,-0.945712447166,0.279561191797],"AttitudePitch":1.28686643449,"Time":0.279634,"AttitudeQuaternion":{"X":0.598383301504,"W":0.796176304011,"Y":-0.046441713989,"Z":-0.0767064835246},"AttitudeRoll":0.0637570014032,"RotationRate":{"Y":-0.543505489826,"X":0.0120133981109,"Z":-0.231702461839},"AttitudeYaw":-0.239912375689,"DotNum":0},{"GravityX":{"Y":-0.959878742695,"X":0.0193986538798,"Z":-0.279743522406},"UserAcceleration":{"Y":0.0207308214158,"X":0.0228681918234,"Z":0.00287279463373},"AttitudeRotationMatrix":[0.982128798962,-0.18720780313,-0.0193986520171,0.0706843584776,0.271360427141,0.9598788023,-0.174432754517,-0.944095730782,0.279743552208],"AttitudePitch":1.28656957594,"Time":0.299231,"AttitudeQuaternion":{"X":0.598127254756,"W":0.79580661921,"Y":-0.0487034498105,"Z":-0.0810159608733},"AttitudeRoll":0.0692335913403,"RotationRate":{"Y":-0.555928468704,"X":-4.8542246077e-05,"Z":-0.219316542149},"AttitudeYaw":-0.254818981801,"DotNum":0},{"GravityX":{"Y":-0.959748268127,"X":0.0204485338181,"Z":-0.280116349459},"UserAcceleration":{"Y":0.0177316367626,"X":0.0264264661819,"Z":0.00632790895179},"AttitudeRotationMatrix":[0.980239927769,-0.196752414107,-0.0204485356808,0.0743823200464,0.270833164454,0.959748208523,-0.183294638991,-0.942304551601,0.280116379261],"AttitudePitch":1.28610445158,"Time":0.332313,"AttitudeQuaternion":{"X":0.597764678222,"W":0.79548561322,"Y":-0.0511782067242,"Z":-0.0852104441237},"AttitudeRoll":0.0728708782575,"RotationRate":{"Y":-0.5586977005,"X":-0.0170722100884,"Z":-0.203299254179},"AttitudeYaw":-0.268033904095,"DotNum":0},{"GravityX":{"Y":-0.959650337696,"X":0.0220384504646,"Z":-0.280331104994},"UserAcceleration":{"Y":0.0183814167976,"X":0.033122073859,"Z":0.0213284324855},"AttitudeRotationMatrix":[0.978334963322,-0.205851778388,-0.0220384523273,0.0784357637167,0.270035266876,0.959650397301,-0.191594570875,-0.940588116646,0.280331104994],"AttitudePitch":1.28575608653,"Time":0.332364,"AttitudeQuaternion":{"X":0.597488196192,"W":0.795094554237,"Y":-0.0533131939148,"Z":-0.0893879666856},"AttitudeRoll":0.0784544185592,"RotationRate":{"Y":-0.523474156857,"X":-0.0306796953082,"Z":-0.19771116972},"AttitudeYaw":-0.282686163844,"DotNum":0},{"GravityX":{"Y":-0.959417760372,"X":0.0233605708927,"Z":-0.281019389629},"UserAcceleration":{"Y":0.0202392693609,"X":0.0358893088996,"Z":0.0218335911632},"AttitudeRotationMatrix":[0.976493120193,-0.214278846979,-0.0233605727553,0.0821470320225,0.26975813508,0.959417819977,-0.199281215668,-0.938783884048,0.281019330025],"AttitudePitch":1.28493005999,"Time":0.345092,"AttitudeQuaternion":{"X":0.597016663471,"W":0.7948695969,"Y":-0.0553300330243,"Z":-0.0932309761158},"AttitudeRoll":0.0829372804681,"RotationRate":{"Y":-0.488364398479,"X":-0.0504203103483,"Z":-0.189616769552},"AttitudeYaw":-0.295599334444,"DotNum":0},{"GravityX":{"Y":-0.959250748157,"X":0.0254566557705,"Z":-0.281407177448},"UserAcceleration":{"Y":0.0153420325369,"X":0.0375316254795,"Z":0.0183304101229},"AttitudeRotationMatrix":[0.974642574787,-0.222314536572,-0.0254566594958,0.0864170193672,0.269017010927,0.959250688553,-0.206407099962,-0.937126517296,0.281407177448],"AttitudePitch":1.28433839244,"Time":0.364467,"AttitudeQuaternion":{"X":0.596703110751,"W":0.794522938701,"Y":-0.056936822411,"Z":-0.097143686113},"AttitudeRoll":0.0902164398904,"RotationRate":{"Y":-0.468734562397,"X":-0.0370940081775,"Z":-0.177604094148},"AttitudeYaw":-0.310820597154,"DotNum":0},{"GravityX":{"Y":-0.959154307842,"X":0.0271522067487,"Z":-0.281577348709},"UserAcceleration":{"Y":0.0142690343782,"X":0.033806655556,"Z":0.0217812154442},"AttitudeRotationMatrix":[0.972748398781,-0.230267897248,-0.027152210474,0.090238198638,0.268104672432,0.959154248238,-0.213582798839,-0.935465931892,0.281577348709],"AttitudePitch":1.28399729376,"Time":0.382765,"AttitudeQuaternion":{"X":0.59646172611,"W":0.794108059379,"Y":-0.0586918238111,"Z":-0.100901284105},"AttitudeRoll":0.0961317185364,"RotationRate":{"Y":-0.478563427925,"X":-0.0344361327589,"Z":-0.160307779908},"AttitudeYaw":-0.324668092821,"DotNum":0},{"GravityX":{"Y":-0.958959817886,"X":0.0280229058117,"Z":-0.282153844833},"UserAcceleration":{"Y":0.0104887438938,"X":0.0366896167398,"Z":0.0254857577384},"AttitudeRotationMatrix":[0.970820784569,-0.238163113594,-0.0280229002237,0.0933606624603,0.267730951309,0.958959817886,-0.220886260271,-0.933594346046,0.282153844833],"AttitudePitch":1.2833106172,"Time":0.3971,"AttitudeQuaternion":{"X":0.596015102585,"W":0.793836509028,"Y":-0.0607377426576,"Z":-0.104405560392},"AttitudeRoll":0.0989931856877,"RotationRate":{"Y":-0.472747832537,"X":-0.0514369644225,"Z":-0.146909460425},"AttitudeYaw":-0.335525825453,"DotNum":0},{"GravityX":{"Y":-0.958751380444,"X":0.0297181811184,"Z":-0.282688111067},"UserAcceleration":{"Y":0.0149647872895,"X":0.0423948578537,"Z":0.0223731677979},"AttitudeRotationMatrix":[0.968889951706,-0.245701253414,-0.0297181755304,0.0971485748887,0.267128974199,0.958751380444,-0.227627828717,-0.931811630726,0.282688111067],"AttitudePitch":1.28257652352,"Time":0.408545,"AttitudeQuaternion":{"X":0.595624221712,"W":0.793521744613,"Y":-0.0623516781577,"Z":-0.108015256177},"AttitudeRoll":0.104742369173,"RotationRate":{"Y":-0.452207624912,"X":-0.0648321956396,"Z":-0.13258652389},"AttitudeYaw":-0.348806572122,"DotNum":0},{"GravityX":{"Y":-0.95843487978,"X":0.0315316654742,"Z":-0.283563673496},"UserAcceleration":{"Y":0.0144193638116,"X":0.0488516353071,"Z":0.0151768401265},"AttitudeRotationMatrix":[0.967023491859,-0.25272783637,-0.0315316691995,0.100989311934,0.266840368509,0.95843487978,-0.233809262514,-0.930013358593,0.283563703299],"AttitudePitch":1.2814649877,"Time":0.429473,"AttitudeQuaternion":{"X":0.595109118324,"W":0.793320158067,"Y":-0.0637439949424,"Z":-0.111467336924},"AttitudeRoll":0.110742878006,"RotationRate":{"Y":-0.418137401342,"X":-0.0650341361761,"Z":-0.113458618522},"AttitudeYaw":-0.361803622937,"DotNum":0},{"GravityX":{"Y":-0.958122313023,"X":0.032188270241,"Z":-0.284544497728},"UserAcceleration":{"Y":0.0171585604548,"X":0.0448838733137,"Z":0.0186753440648},"AttitudeRotationMatrix":[0.965230584145,-0.259410560131,-0.0321882739663,0.103689260781,0.266927331686,0.958122253418,-0.239955127239,-0.928146481514,0.284544497728],"AttitudePitch":1.28037148632,"Time":0.440372,"AttitudeQuaternion":{"X":0.594507947533,"W":0.793205895189,"Y":-0.0654832629556,"Z":-0.114440597823},"AttitudeRoll":0.112643243874,"RotationRate":{"Y":-0.4096557796,"X":-0.065046697855,"Z":-0.102544032037},"AttitudeYaw":-0.370514437687,"DotNum":0},{"GravityX":{"Y":-0.957849860191,"X":0.0337824225426,"Z":-0.285276085138},"UserAcceleration":{"Y":0.0147651163861,"X":0.0480504631996,"Z":0.0164162218571},"AttitudeRotationMatrix":[0.963397026062,-0.265941500664,-0.0337824076414,0.107163116336,0.266532868147,0.957849800587,-0.245727881789,-0.926409900188,0.285276114941],"AttitudePitch":1.27942149356,"Time":0.466137,"AttitudeQuaternion":{"X":0.594051367444,"W":0.792970048352,"Y":-0.0668201341362,"Z":-0.117628843948},"AttitudeRoll":0.1178711592,"RotationRate":{"Y":-0.405911713839,"X":-0.0576201863587,"Z":-0.0917230024934},"AttitudeYaw":-0.38228393529,"DotNum":0},{"GravityX":{"Y":-0.957526087761,"X":0.0354997441173,"Z":-0.286153078079},"UserAcceleration":{"Y":0.0173557884991,"X":0.0487287715077,"Z":0.00620006723329},"AttitudeRotationMatrix":[0.961591959,-0.272177636623,-0.0354997515678,0.11071036011,0.266246199608,0.957526028156,-0.251165509224,-0.924679577351,0.286153078079],"AttitudePitch":1.2782965907,"Time":0.472718,"AttitudeQuaternion":{"X":0.593547115454,"W":0.792778534257,"Y":-0.0680094601794,"Z":-0.1207424146},"AttitudeRoll":0.123427950584,"RotationRate":{"Y":-0.387390106916,"X":-0.0491255186498,"Z":-0.0935063362122},"AttitudeYaw":-0.394069046226,"DotNum":0},{"GravityX":{"Y":-0.957220673561,"X":0.0362788923085,"Z":-0.287075579166},"UserAcceleration":{"Y":0.0121981063858,"X":0.0558994524181,"Z":0.000652858405374},"AttitudeRotationMatrix":[0.959737598896,-0.278545469046,-0.0362788885832,0.113441623747,0.266194581985,0.957220613956,-0.256972253323,-0.922796189785,0.287075579166],"AttitudePitch":1.27723934794,"Time":0.494655,"AttitudeQuaternion":{"X":0.59297290142,"W":0.792623454343,"Y":-0.0696085069996,"Z":-0.123635971951},"AttitudeRoll":0.125707630408,"RotationRate":{"Y":-0.399390697479,"X":-0.035580586642,"Z":-0.0922827199101},"AttitudeYaw":-0.402853237955,"DotNum":0},{"GravityX":{"Y":-0.95697671175,"X":0.038117852062,"Z":-0.287650197744},"UserAcceleration":{"Y":0.00974159035832,"X":0.0528703071177,"Z":0.00459964713082},"AttitudeRotationMatrix":[0.957763493061,-0.285019427538,-0.0381178408861,0.117093205452,0.265489697456,0.956976652145,-0.262637078762,-0.921020627022,0.287650197744],"AttitudePitch":1.27639730586,"Time":0.505767,"AttitudeQuaternion":{"X":0.592584095215,"W":0.792291516777,"Y":-0.0708448860057,"Z":-0.126882798947},"AttitudeRoll":0.13174702655,"RotationRate":{"Y":-0.405185014009,"X":-0.0244165696204,"Z":-0.0987646505237},"AttitudeYaw":-0.415383062845,"DotNum":0},{"GravityX":{"Y":-0.958418011665,"X":0.068059168756,"Z":-0.277133375406},"UserAcceleration":{"Y":0.00590334413573,"X":0.0720165148377,"Z":0.0203126855195},"AttitudeRotationMatrix":[0.944513440132,-0.321344554424,-0.068059168756,0.151366233826,0.24191570282,0.958418011665,-0.291517823935,-0.915540575981,0.277133345604],"AttitudePitch":1.28140585187,"Time":0.00079,"AttitudeQuaternion":{"X":0.596964057294,"W":0.784786995684,"Y":-0.0711844961372,"Z":-0.15058570056},"AttitudeRoll":0.240816930391,"RotationRate":{"Y":0.125694870949,"X":-0.066729709506,"Z":0.0224482305348},"AttitudeYaw":-0.559101222015,"DotNum":1},{"GravityX":{"Y":-0.958196282387,"X":0.0700950324535,"Z":-0.277392506599},"UserAcceleration":{"Y":0.00313339708373,"X":0.0668678581715,"Z":0.0119811380282},"AttitudeRotationMatrix":[0.945238947868,-0.318763315678,-0.0700950175524,0.152659401298,0.241981476545,0.958196222782,-0.288476109505,-0.916425049305,0.277392536402],"AttitudePitch":1.28062986908,"Time":0.02280205,"AttitudeQuaternion":{"X":0.597047935764,"W":0.784954282175,"Y":-0.0695521724113,"Z":-0.150143373509},"AttitudeRoll":0.247511249223,"RotationRate":{"Y":0.185066282749,"X":-0.0221431106329,"Z":-0.00308456504717},"AttitudeYaw":-0.5628109703,"DotNum":1},{"GravityX":{"Y":-0.958260715008,"X":0.0728113204241,"Z":-0.276468664408},"UserAcceleration":{"Y":0.00357931130566,"X":0.044650837779,"Z":0.0164894256741},"AttitudeRotationMatrix":[0.945955336094,-0.316017448902,-0.0728113129735,0.154187768698,0.240754067898,0.958260774612,-0.285297483206,-0.917698502541,0.276468604803],"AttitudePitch":1.28085519683,"Time":0.03543603,"AttitudeQuaternion":{"X":0.597647998794,"W":0.784725767724,"Y":-0.0676944061215,"Z":-0.149799220249},"AttitudeRoll":0.257514509868,"RotationRate":{"Y":0.183297529817,"X":0.0182022061199,"Z":-0.015559640713},"AttitudeYaw":-0.569622890793,"DotNum":1},{"GravityX":{"Y":-0.958138525486,"X":0.0753206163645,"Z":-0.27621987462},"UserAcceleration":{"Y":-0.00464531220496,"X":0.048321351409,"Z":-0.00998923555017},"AttitudeRotationMatrix":[0.946670591831,-0.313275575638,-0.0753206163645,0.155735388398,0.240243822336,0.958138525486,-0.282066106796,-0.91877168417,0.27621987462],"AttitudePitch":1.28042805062,"Time":0.05541205,"AttitudeQuaternion":{"X":0.597956286601,"W":0.784718786504,"Y":-0.0658661049658,"Z":-0.149420084454},"AttitudeRoll":0.266211362179,"RotationRate":{"Y":0.194254621863,"X":-0.009736164473,"Z":-0.0408267043531},"AttitudeYaw":-0.57513616927,"DotNum":1},{"GravityX":{"Y":-0.957885801792,"X":0.0767760500312,"Z":-0.276695281267},"UserAcceleration":{"Y":0.0106048937887,"X":0.0290283933282,"Z":-0.0133437868208},"AttitudeRotationMatrix":[0.947361826897,-0.310823082924,-0.0767760574818,0.15659789741,0.240690559149,0.957885801792,-0.279253721237,-0.919487416744,0.276695281267],"AttitudePitch":1.27954664254,"Time":0.06587303,"AttitudeQuaternion":{"X":0.597908023745,"W":0.784975743042,"Y":-0.0644853263374,"Z":-0.148864773085},"AttitudeRoll":0.270665836999,"RotationRate":{"Y":0.158262565732,"X":-0.0653159990907,"Z":-0.0418954156339},"AttitudeYaw":-0.57681036191,"DotNum":1},{"GravityX":{"Y":-0.957453966141,"X":0.0783626958728,"Z":-0.27774310112},"UserAcceleration":{"Y":0.00561068067327,"X":0.0286777056754,"Z":-0.00480388663709},"AttitudeRotationMatrix":[0.947767734528,-0.309185355902,-0.0783627107739,0.157953828573,0.241521328688,0.957453966141,-0.277104496956,-0.919821619987,0.277743130922],"AttitudePitch":1.27804652776,"Time":0.087466,"AttitudeQuaternion":{"X":0.597600060431,"W":0.785339443048,"Y":-0.0632662040369,"Z":-0.148706134347},"AttitudeRoll":0.274992879239,"RotationRate":{"Y":0.100728690624,"X":-0.0672576054931,"Z":-0.0239753406495},"AttitudeYaw":-0.579178774495,"DotNum":1},{"GravityX":{"Y":-0.957142829895,"X":0.0790344029665,"Z":-0.278623610735},"UserAcceleration":{"Y":0.0124254496768,"X":0.0138153256848,"Z":0.00686457427219},"AttitudeRotationMatrix":[0.948188722134,-0.307720184326,-0.0790344029665,0.158455729485,0.242423892021,0.957142829895,-0.275372326374,-0.920075535774,0.278623640537],"AttitudePitch":1.27697048285,"Time":0.09980005,"AttitudeQuaternion":{"X":0.597315084977,"W":0.785690175041,"Y":-0.0624730784099,"Z":-0.148333248386},"AttitudeRoll":0.276399495832,"RotationRate":{"Y":0.107977867126,"X":-0.0625047907233,"Z":-0.0116326268762},"AttitudeYaw":-0.578923444963,"DotNum":1},{"GravityX":{"Y":-0.956869423389,"X":0.0797421559691,"Z":-0.279360204935},"UserAcceleration":{"Y":0.0111449230462,"X":0.0179446078837,"Z":0.0124381994829},"AttitudeRotationMatrix":[0.948675453663,-0.306032836437,-0.0797421485186,0.158890366554,0.243217527866,0.956869423389,-0.273438751698,-0.920428812504,0.279360175133],"AttitudePitch":1.27602778411,"Time":0.12048,"AttitudeQuaternion":{"X":0.597096659417,"W":0.786011003487,"Y":-0.0616074768715,"Z":-0.147874272621},"AttitudeRoll":0.278051300463,"RotationRate":{"Y":0.117794305086,"X":-0.0553120560944,"Z":-0.00923417042941},"AttitudeYaw":-0.578681045171,"DotNum":1},{"GravityX":{"Y":-0.956607878208,"X":0.0811332464218,"Z":-0.279854953289},"UserAcceleration":{"Y":0.00181965436786,"X":0.0180031042546,"Z":-0.00398904271424},"AttitudeRotationMatrix":[0.949225246906,-0.303955376148,-0.0811332538724,0.15978717804,0.24365849793,0.956607818604,-0.270997315645,-0.921000361443,0.279854953289],"AttitudePitch":1.27512883368,"Time":0.131391,"AttitudeQuaternion":{"X":0.59701586727,"W":0.786247203064,"Y":-0.0603703452929,"Z":-0.147454438087},"AttitudeRoll":0.282176047563,"RotationRate":{"Y":0.155765771866,"X":-0.0580136068165,"Z":-0.0246573481709},"AttitudeYaw":-0.580430086026,"DotNum":1},{"GravityX":{"Y":-0.956213891506,"X":0.0825098380446,"Z":-0.280797332525},"UserAcceleration":{"Y":0.00585071695969,"X":0.00115409970749,"Z":-0.000803606526461},"AttitudeRotationMatrix":[0.950038194656,-0.301030874252,-0.0825098305941,0.160577073693,0.244683504105,0.956213891506,-0.267661094666,-0.921688854694,0.280797332525],"AttitudePitch":1.27377967515,"Time":0.1521111,"AttitudeQuaternion":{"X":0.596774100011,"W":0.786689112463,"Y":-0.0588387691477,"Z":-0.14669326206},"AttitudeRoll":0.285797024226,"RotationRate":{"Y":0.226255953312,"X":-0.0805843248963,"Z":-0.0231057684869},"AttitudeYaw":-0.580766399516,"DotNum":1},{"GravityX":{"Y":-0.955909609795,"X":0.0837837457657,"Z":-0.281455278397},"UserAcceleration":{"Y":0.00844563823193,"X":0.0098441876471,"Z":-0.00513530848548},"AttitudeRotationMatrix":[0.951141893864,-0.297168940306,-0.0837837457657,0.16094622016,0.245627954602,0.955909669399,-0.263487040997,-0.922690451145,0.281455248594],"AttitudePitch":1.27274186962,"Time":0.1699671,"AttitudeQuaternion":{"X":0.596669644238,"W":0.787118975048,"Y":-0.0570762805924,"Z":-0.145503790188},"AttitudeRoll":0.289327449128,"RotationRate":{"Y":0.265282809734,"X":-0.033740606159,"Z":0.029942324385},"AttitudeYaw":-0.58005277302,"DotNum":1},{"GravityX":{"Y":-0.955857098103,"X":0.0853301286697,"Z":-0.281168967485},"UserAcceleration":{"Y":0.00573807302862,"X":0.0226868353784,"Z":-0.0060014417395},"AttitudeRotationMatrix":[0.952464044094,-0.292456835508,-0.0853301361203,0.161088943481,0.24573880434,0.955857098103,-0.258578032255,-0.924165308475,0.281168937683],"AttitudePitch":1.27256302067,"Time":0.185191,"AttitudeQuaternion":{"X":0.596983299885,"W":0.787301062475,"Y":-0.0550132289063,"Z":-0.144019170004},"AttitudeRoll":0.294649557868,"RotationRate":{"Y":0.318079352379,"X":0.0276056230068,"Z":0.0653804764152},"AttitudeYaw":-0.580252223419,"DotNum":1},{"GravityX":{"Y":-0.956097364426,"X":0.0862626805902,"Z":-0.280065357685},"UserAcceleration":{"Y":0.00770257925615,"X":0.00492384377867,"Z":0.000310708564939},"AttitudeRotationMatrix":[0.95416033268,-0.286595255136,-0.0862626731396,0.160151988268,0.245416402817,0.956097304821,-0.252842694521,-0.926085293293,0.280065387487],"AttitudePitch":1.27338179909,"Time":0.196282,"AttitudeQuaternion":{"X":0.597636724186,"W":0.787343954838,"Y":-0.0528930267957,"Z":-0.141852636216},"AttitudeRoll":0.298788313903,"RotationRate":{"Y":0.39996355772,"X":0.0414008051157,"Z":0.0669069737196},"AttitudeYaw":-0.578181642514,"DotNum":1},{"GravityX":{"Y":-0.956365466118,"X":0.0871683135629,"Z":-0.278867036104},"UserAcceleration":{"Y":0.0062311636284,"X":-0.00113926304039,"Z":-0.0030390843749},"AttitudeRotationMatrix":[0.95609909296,-0.279778957367,-0.0871683210135,0.158933743835,0.245163664222,0.956365406513,-0.246200397611,-0.928234040737,0.278867065907],"AttitudePitch":1.27429798577,"Time":0.217724,"AttitudeQuaternion":{"X":0.598345297668,"W":0.787421387096,"Y":-0.0504914150944,"Z":-0.139287762939},"AttitudeRoll":0.302957929832,"RotationRate":{"Y":0.443775206804,"X":0.0385094247758,"Z":0.073819771409},"AttitudeYaw":-0.575162362371,"DotNum":1},{"GravityX":{"Y":-0.956394016743,"X":0.0880407765508,"Z":-0.278494626284},"UserAcceleration":{"Y":0.00310119311325,"X":-0.00121826981194,"Z":-0.0146114435047},"AttitudeRotationMatrix":[0.95802628994,-0.272826761007,-0.0880407765508,0.157871901989,0.245737493038,0.956394016743,-0.239294975996,-0.93014973402,0.278494656086],"AttitudePitch":1.27439588418,"Time":0.236631,"AttitudeQuaternion":{"X":0.598705726979,"W":0.7877592262,"Y":-0.048001404317,"Z":-0.136684743856},"AttitudeRoll":0.306189371729,"RotationRate":{"Y":0.436017483473,"X":0.00686642760411,"Z":0.0786965563893},"AttitudeYaw":-0.571043202593,"DotNum":1},{"GravityX":{"Y":-0.95641541481,"X":0.0887747704983,"Z":-0.2781881392},"UserAcceleration":{"Y":0.00708982627839,"X":-0.000426380633144,"Z":-0.00419100141153},"AttitudeRotationMatrix":[0.959799587727,-0.266277581453,-0.0887747630477,0.15680333972,0.246337816119,0.95641541481,-0.232803374529,-0.93188726902,0.2781881392],"AttitudePitch":1.27446898287,"Time":0.250966,"AttitudeQuaternion":{"X":0.599014534752,"W":0.788087173099,"Y":-0.0456893048957,"Z":-0.134211333989},"AttitudeRoll":0.308902417754,"RotationRate":{"Y":0.401727408171,"X":-0.00259113381617,"Z":0.0790246576071},"AttitudeYaw":-0.566853224884,"DotNum":1},{"GravityX":{"Y":-0.956425786018,"X":0.0893144458532,"Z":-0.277979522944},"UserAcceleration":{"Y":0.00894655566663,"X":-4.75412070955e-06,"Z":-0.00713095674291},"AttitudeRotationMatrix":[0.961405456066,-0.260235339403,-0.0893144458532,0.155707970262,0.246991321445,0.956425786018,-0.226835921407,-0.933419942856,0.277979522944],"AttitudePitch":1.27450465441,"Time":0.261314,"AttitudeQuaternion":{"X":0.599256758971,"W":0.788412375303,"Y":-0.0436070908423,"Z":-0.131892702318},"AttitudeRoll":0.31088053053,"RotationRate":{"Y":0.368634968996,"X":-0.019311722368,"Z":0.0743642449379},"AttitudeYaw":-0.562486575781,"DotNum":1},{"GravityX":{"Y":-0.956345319748,"X":0.0898162424564,"Z":-0.278094649315},"UserAcceleration":{"Y":7.33839613076e-07,"X":2.75041547866e-05,"Z":-0.00332319410518},"AttitudeRotationMatrix":[0.962891876698,-0.254503905773,-0.089816249907,0.154732331634,0.247914284468,0.956345379353,-0.221126914024,-0.934754669666,0.278094649315],"AttitudePitch":1.2742291895,"Time":0.282822,"AttitudeQuaternion":{"X":0.599350261205,"W":0.788812532331,"Y":-0.0416165600191,"Z":-0.129700097004},"AttitudeRoll":0.312394791006,"RotationRate":{"Y":0.353823125362,"X":-0.0313671305776,"Z":0.0769514217973},"AttitudeYaw":-0.557978040963,"DotNum":1},{"GravityX":{"Y":-0.956316947937,"X":0.0901224911213,"Z":-0.278093248606},"UserAcceleration":{"Y":0.000369057612261,"X":0.00292560621165,"Z":-0.00558289093897},"AttitudeRotationMatrix":[0.964309513569,-0.248968154192,-0.0901224836707,0.153593510389,0.248730674386,0.956316888332,-0.215676218271,-0.936027705669,0.278093248606],"AttitudePitch":1.27413200795,"Time":0.301722,"AttitudeQuaternion":{"X":0.599475926776,"W":0.789166243278,"Y":-0.0397741730158,"Z":-0.127527521921},"AttitudeRoll":0.313393144371,"RotationRate":{"Y":0.337965220213,"X":-0.0227511450648,"Z":0.0858461856842},"AttitudeYaw":-0.553194598044,"DotNum":1},{"GravityX":{"Y":-0.956105470657,"X":0.0907359272242,"Z":-0.278620362282},"UserAcceleration":{"Y":0.00166822609026,"X":0.0116810631007,"Z":-0.0179342161864},"AttitudeRotationMatrix":[0.965662419796,-0.243440195918,-0.0907359272242,0.152860119939,0.249992191792,0.956105530262,-0.210071220994,-0.93714505434,0.278620362282],"AttitudePitch":1.27340953433,"Time":0.3160411,"AttitudeQuaternion":{"X":0.599385073362,"W":0.789663684341,"Y":-0.0377804135202,"Z":-0.125464894763},"AttitudeRoll":0.314830114894,"RotationRate":{"Y":0.347600549459,"X":-0.0314633361995,"Z":0.0855982974172},"AttitudeYaw":-0.548803056366,"DotNum":1},{"GravityX":{"Y":-0.955911278725,"X":0.0912102237344,"Z":-0.279131382704},"UserAcceleration":{"Y":0.00483095273376,"X":0.00388255203143,"Z":-0.0117926876992},"AttitudeRotationMatrix":[0.967052102089,-0.237678140402,-0.0912102237344,0.151923507452,0.251302391291,0.955911278725,-0.204277873039,-0.938272953033,0.279131412506],"AttitudePitch":1.27274747798,"Time":0.326992,"AttitudeQuaternion":{"X":0.599295078712,"W":0.790171796385,"Y":-0.0357731204082,"Z":-0.123264855839},"AttitudeRoll":0.315826980509,"RotationRate":{"Y":0.363351136446,"X":-0.0377873182297,"Z":0.0865777507424},"AttitudeYaw":-0.543754493835,"DotNum":1},{"GravityX":{"Y":-0.955820679665,"X":0.0914918258786,"Z":-0.279349327087},"UserAcceleration":{"Y":0.0071970410645,"X":0.000198236724827,"Z":-0.0121851116419},"AttitudeRotationMatrix":[0.968524873257,-0.231492504478,-0.0914918333292,0.150625422597,0.252425789833,0.955820679665,-0.198170438409,-0.939517140388,0.279349297285],"AttitudePitch":1.27243918765,"Time":0.348305,"AttitudeQuaternion":{"X":0.599322490739,"W":0.790616846799,"Y":-0.0337327116188,"Z":-0.120829043774},"AttitudeRoll":0.316507327799,"RotationRate":{"Y":0.385288059711,"X":-0.0295679867268,"Z":0.0962710529566},"AttitudeYaw":-0.537998090362,"DotNum":1},{"GravityX":{"Y":-0.955814957619,"X":0.0915231853724,"Z":-0.279358774424},"UserAcceleration":{"Y":0.00645884964615,"X":-0.00296117505059,"Z":-0.00520237721503},"AttitudeRotationMatrix":[0.970013916492,-0.225158840418,-0.0915231928229,0.149004310369,0.253407806158,0.955814957619,-0.192017495632,-0.940791130066,0.279358714819],"AttitudePitch":1.27241956142,"Time":0.358841,"AttitudeQuaternion":{"X":0.599426243462,"W":0.791008935829,"Y":-0.031761434186,"Z":-0.118255035355},"AttitudeRoll":0.316598682818,"RotationRate":{"Y":0.391366779804,"X":-0.0139328520745,"Z":0.113638572395},"AttitudeYaw":-0.531550675641,"DotNum":1},{"GravityX":{"Y":-0.955842375755,"X":0.0914640128613,"Z":-0.279284268618},"UserAcceleration":{"Y":0.00607430189848,"X":-6.38689962216e-05,"Z":-0.00834390800446},"AttitudeRotationMatrix":[0.971507310867,-0.218650251627,-0.0914640277624,0.147231459618,0.254338890314,0.955842316151,-0.185732319951,-0.942074120045,0.27928429842],"AttitudePitch":1.27251291646,"Time":0.380303,"AttitudeQuaternion":{"X":0.599559034696,"W":0.791380190879,"Y":-0.0297797116546,"Z":-0.115583416514},"AttitudeRoll":0.31648628532,"RotationRate":{"Y":0.402310013771,"X":-0.011684271507,"Z":0.117240980268},"AttitudeYaw":-0.524744647784,"DotNum":1},{"GravityX":{"Y":-0.955869376659,"X":0.0916103869677,"Z":-0.279143869877},"UserAcceleration":{"Y":0.00672690151259,"X":0.00651888689026,"Z":-0.0128025263548},"AttitudeRotationMatrix":[0.973016679287,-0.21176892519,-0.0916103720665,0.14554014802,0.255209356546,0.955869376659,-0.179043591022,-0.943409860134,0.279143840075],"AttitudePitch":1.2726047684,"Time":0.391825,"AttitudeQuaternion":{"X":0.599721475394,"W":0.791733851617,"Y":-0.0276081445774,"Z":-0.112824866531},"AttitudeRoll":0.317108464159,"RotationRate":{"Y":0.429046660662,"X":-0.0156521685421,"Z":0.121841050684},"AttitudeYaw":-0.518277827916,"DotNum":1},{"GravityX":{"Y":-0.955826461315,"X":0.0917909815907,"Z":-0.279231399298},"UserAcceleration":{"Y":0.00911015830934,"X":0.000295808480587,"Z":-0.0111586032435},"AttitudeRotationMatrix":[0.974597811699,-0.204287931323,-0.0917909815907,0.143762454391,0.256374955177,0.955826461315,-0.171730905771,-0.944742500782,0.279231399298],"AttitudePitch":1.27245881191,"Time":0.416701,"AttitudeQuaternion":{"X":0.599789840801,"W":0.792181193451,"Y":-0.0252277873162,"Z":-0.109839256922},"AttitudeRoll":0.317599397982,"RotationRate":{"Y":0.468083411455,"X":-0.00642987340689,"Z":0.128845199943},"AttitudeYaw":-0.511059630442,"DotNum":1},{"GravityX":{"Y":-0.956028163433,"X":0.0916412323713,"Z":-0.278589397669},"UserAcceleration":{"Y":0.00879304204136,"X":-0.00429992703721,"Z":0.00115410925355},"AttitudeRotationMatrix":[0.976210594177,-0.196506291628,-0.0916412472725,0.141459941864,0.256903171539,0.956028163433,-0.16432261467,-0.946248352528,0.278589367867],"AttitudePitch":1.27314573643,"Time":0.423949,"AttitudeQuaternion":{"X":0.600149562287,"W":0.792417699136,"Y":-0.0229302610219,"Z":-0.106625025732},"AttitudeRoll":0.31779794662,"RotationRate":{"Y":0.470571786165,"X":0.0104944780469,"Z":0.141315340996},"AttitudeYaw":-0.503330729336,"DotNum":1},{"GravityX":{"Y":-0.956298649311,"X":0.0915260016918,"Z":-0.277697384357},"UserAcceleration":{"Y":0.00653060665354,"X":-0.00313183711842,"Z":0.00306970160455},"AttitudeRotationMatrix":[0.977763772011,-0.188682228327,-0.0915260016918,0.139142096043,0.257162064314,0.956298649311,-0.156899541616,-0.947769343853,0.277697384357],"AttitudePitch":1.27406954936,"Time":0.4462391,"AttitudeQuaternion":{"X":0.600604764944,"W":0.792562809729,"Y":-0.0206209310118,"Z":-0.103406412591},"AttitudeRoll":0.318376871383,"RotationRate":{"Y":0.468035697937,"X":0.000801399582997,"Z":0.140069440007},"AttitudeYaw":-0.49595957502,"DotNum":1},{"GravityX":{"Y":-0.956329464912,"X":0.091142013669,"Z":-0.277717679739},"UserAcceleration":{"Y":0.00871287938207,"X":-0.00912602432072,"Z":-0.0133437328041},"AttitudeRotationMatrix":[0.979287743568,-0.180800080299,-0.091142013669,0.136703431606,0.258352696896,0.956329464912,-0.149357661605,-0.948981165886,0.277717620134],"AttitudePitch":1.27417484927,"Time":0.456556,"AttitudeQuaternion":{"X":0.600669900129,"W":0.792994033507,"Y":-0.0183531142907,"Z":-0.100096438985},"AttitudeRoll":0.317107458488,"RotationRate":{"Y":0.478627115488,"X":-0.0285627134144,"Z":0.142337366939},"AttitudeYaw":-0.486682879685,"DotNum":1},{"GravityX":{"Y":-0.956308722496,"X":0.0905488878489,"Z":-0.277982920408},"UserAcceleration":{"Y":0.00708997994661,"X":-0.0138887325302,"Z":-0.0086839357391},"AttitudeRotationMatrix":[0.980807721615,-0.172676444054,-0.0905488952994,0.134030818939,0.259825646877,0.956308782101,-0.141605049372,-0.950091302395,0.277982950211],"AttitudePitch":1.27410394664,"Time":0.480795,"AttitudeQuaternion":{"X":0.600624497124,"W":0.793507444693,"Y":-0.0160855975459,"Z":-0.0966302345208},"AttitudeRoll":0.314896922206,"RotationRate":{"Y":0.490657389164,"X":-0.0263824239373,"Z":0.157156303525},"AttitudeYaw":-0.476246345376,"DotNum":1},{"GravityX":{"Y":-0.956503629684,"X":0.0896809697151,"Z":-0.277593433857},"UserAcceleration":{"Y":0.00688816094771,"X":-0.0198720116168,"Z":-0.00272578559816},"AttitudeRotationMatrix":[0.982312679291,-0.164374992251,-0.0896809697151,0.130945518613,0.260680019856,0.956503629684,-0.133847236633,-0.951328992844,0.277593433857],"AttitudePitch":1.27477135362,"Time":0.500352,"AttitudeQuaternion":{"X":0.600840921645,"W":0.793817688727,"Y":-0.0139094497886,"Z":-0.0930064037989},"AttitudeRoll":0.312481583298,"RotationRate":{"Y":0.48690611124,"X":-0.00942261982709,"Z":0.183388799429},"AttitudeYaw":-0.465504184818,"DotNum":1},{"GravityX":{"Y":-0.956845641136,"X":0.0880775079131,"Z":-0.276927292347},"UserAcceleration":{"Y":0.00509395450354,"X":-0.0236854162067,"Z":-0.00258319824934},"AttitudeRotationMatrix":[0.98382216692,-0.156000882387,-0.0880775004625,0.127100080252,0.261327266693,0.956845641136,-0.126251712441,-0.952560663223,0.276927292347],"AttitudePitch":1.27594605463,"Time":0.511053,"AttitudeQuaternion":{"X":0.601158796589,"W":0.794052385157,"Y":-0.0120187931085,"Z":-0.0891316976321},"AttitudeRoll":0.307935627331,"RotationRate":{"Y":0.494242072105,"X":0.00747232371941,"Z":0.197158023715},"AttitudeYaw":-0.452679065288,"DotNum":1},{"GravityX":{"Y":-0.96692353487,"X":0.0649601966143,"Z":-0.24665568769},"UserAcceleration":{"Y":0.0325363390148,"X":-0.103213980794,"Z":0.016400558874},"AttitudeRotationMatrix":[0.983604967594,0.168